568
2003
2230
2457
2004
2231
2458
2005
2232
2459
2006
2233
2460
2007
2234
2461
2008
2235
2462
2009
2236
2463
2010
2237
2464
2011
2238
2465
2012
2239
2466
2013
2240
2467
2014
2241
2468
2015
2242
2469
2016
2243
2470
2017
2244
2471
2018
2245
2472
2019
2246
2473
2020
2247
2474
2021
2248
2475
2022
2249
2476
2023
2250
2477
2024
2251
2478
2025
2252
2479
2026
2253
2480
2027
2254
2481
1953
2028
2255
2482
1954
2029
2256
2483
1955
2030
2257
2484
1956
2031
2258
2485
1957
2032
2259
2486
1958
2033
2260
2487
1959
2034
2261
2488
1960
2035
2262
2489
1961
2036
2263
2490
1962
2037
2264
2491
1963
2038
2265
2492
1964
2039
2266
2493
1965
2040
2267
2494
1966
2041
2268
2495
1967
2042
2269
2496
1968
2043
2270
2497
1969
2044
2271
2498
1970
2045
2272
2499
1971
2046
2273
2500
1972
2047
2274
2501
1973
2048
2275
2502
1974
2049
2276
2503
1975
2050
2277
2504
1976
2051
2278
2505
1977
2052
2279
2506
1978
2280
2507
1979
2281
2508
1980
2282
2509
1981
2283
2510
1982
2284
2511
1983
2285
2512
1984
2286
2513
1985
2287
2514
1986
2288
2515
1987
2289
2516
1988
2290
2517
1989
2291
2518
1990
2292
2519
1991
2293
2520
1992
2294
2521
1993
2295
2522
1994
2296
2523
1995
2297
2524
1996
2298
2525
1997
2299
2526
1998
2300
2527
1999
2301
2528
2000
2302
2529
2001
2303
2530
2002
2304
2531
2053
2180
2305
2532
2054
2181
2306
2533
2055
2182
2307
2534
2056
2183
2308
2535
2057
2184
2309
2536
2058
2185
2310
2537
2059
2186
2311
2538
2060
2187
2312
2539
2061
2188
2313
2540
2062
2189
2314
2541
2063
2190
2315
2542
2064
2191
2316
2543
2065
2192
2317
2544
2066
2193
2318
2545
2067
2194
2319
2546
2068
2195
2320
2547
2069
2196
2321
2548
2070
2197
2322
2549
2071
2198
2323
2550
2072
2199
2324
2551
2073
2200
2325
2552
2074
2201
2326
2553
2075
2202
2327
2554
2076
2203
2328
2555
2077
2204
2329
2556
2078
2205
2557
2079
2206
2558
2080
2207
2559
2081
2208
2560
2082
2209
2561
2083
2210
2562
2084
2211
2563
2085
2212
2564
2086
2213
2565
2087
2214
2566
2088
2215
2567
2089
2216
2568
2090
2217
2569
2091
2218
2570
2092
2219
2571
2093
2220
2572
2094
2221
2573
2095
2222
2574
2096
2223
2575
2097
2224
2576
2098
2225
2577
2099
2226
2578
2100
2227
2579
2101
2228
2580
2102
2229
2581
2103
2330
2407
2582
2104
2331
2408
2583
2105
2332
2409
2584
2106
2333
2410
2585
2107
2334
2411
2586
2108
2335
2412
2587
2109
2336
2413
2588
2110
2337
2414
2589
2111
2338
2415
2590
2112
2339
2416
2591
2113
2340
2417
2592
2114
2341
2418
2593
2115
2342
2419
2594
2116
2343
2420
2595
2117
2344
2421
2596
2118
2345
2422
2597
2119
2346
2423
2598
2120
2347
2424
2599
2121
2348
2425
2600
2122
2349
2426
2601
2123
2350
2427
2602
2124
2351
2428
2603
2125
2352
2429
2604
2126
2353
2430
2605
2127
2354
2431
2606
2128
2355
2432
2129
2356
2433
2130
2357
2434
2131
2358
2435
2133
2360
2437
2134
2361
2438
2135
2362
2439
2136
2363
2440
2137
2364
2441
2138
2365
2442
2139
2366
2443
2140
2367
2444
2141
2368
2445
2142
2369
2446
2143
2370
2447
2144
2371
2448
2145
2372
2449
2146
2373
2450
2147
2374
2451
2148
2375
2452
2149
2376
2453
2150
2377
2454
2151
2378
2455
2152
2379
2456
2153
2380
2607
2634
2154
2381
2608
2635
2155
2382
2609
2636
2156
2383
2610
2637
2157
2384
2611
2638
2158
2385
2612
2639
2159
2386
2613
2640
2160
2387
2614
2641
2161
2388
2615
2642
2162
2389
2616
2643
2163
2390
2617
2644
2164
2391
2618
2645
2165
2392
2619
2646
2166
2393
2620
2647
2167
2394
2621
2648
2168
2395
2622
2649
2169
2396
2623
2650
2170
2397
2624
2651
2171
2398
2625
2652
2172
2399
2626
2653
2173
2400
2627
2654
2174
2401
2628
2655
2175
2402
2629
2656
2176
2403
2630
2657
2177
2404
2631
2658
2178
2405
2632
2179
2406
2633
